function [] = WeaponPlot(magnifyMultiple,weaponX,weaponY,weaponZ,weaponPhi,weaponTheta,weaponGamma,weaponColor)
%WEAPONPLOT 此处显示有关此函数的摘要
%   此处显示详细说明

faces = [1,4,5,1,7,5,9,7,11,9,4,11,9,1,1,5,13,13,16,16,18,18,20,20,22,22,24,24,26,26,28,28,30,30,32,32,34,34,36,36,38,38,39,40,41,42,43,44,45,46,47,48,49,50,51,52,56,58,60,62,64,66,68,70,72,74,76,53,78,80,81,82,83,84,85,86,87,88,89,90,79,91,93,94,95,96,97,98,99,100,101,102,103,92,40,41,42,43,44,45,46,47,48,49,50,51,39,117,118,119,120,121,122,123,124,125,126,127,128,129,118,119,120,121,122,123,124,26,125,28,126,127,128,129,36,117,38,92,91,93,94,95,96,97,98,99,100,101,102,103,131,134,135,131,137,135,139,137,141,139,134,141,139,131,131,135,143,147,149,151,153,155,157,159,161,163,165,167,144,169,171,172,173,174,175,176,177,178,179,180,181,170,170,169,171,172,173,174,175,176,177,178,179,180,181,183,186,187,188,189,190,191,192,193,194,195,196,184,197,200,201,197,203,201,205,203,207,205,200,207,205,197,197,201,209,212,213,209,215,213,217,215,219,217,212,219,217,209,209,213,221,224,225,221,227,225,229,227,231,229,224,231,229,221,221,225,233,236,237,233,239,237,241,239,243,241,236,243,241,233,233,237,245,248,249,245,251,249,253,251,255,253,248,255,253,245,245,249,257,260,261,257,263,261,265,263,267,265,260,267,265,257,257,261;2,1,6,5,8,7,10,9,12,11,3,4,7,4,11,1,14,15,15,17,17,19,19,21,21,23,23,25,25,27,27,29,29,31,31,33,33,35,35,37,37,14,40,41,42,43,44,45,46,47,48,49,50,51,39,53,52,56,58,60,62,64,66,68,70,72,74,76,79,78,80,81,82,83,84,85,86,87,88,89,90,92,91,93,94,95,96,97,98,99,100,101,102,103,39,40,41,42,43,44,45,46,47,48,49,50,51,118,119,120,121,122,123,124,125,126,127,128,129,117,117,118,119,120,121,122,123,28,124,30,125,126,127,128,38,129,13,91,93,94,95,96,97,98,99,100,101,102,103,92,132,131,136,135,138,137,140,139,142,141,133,134,137,134,141,131,144,143,147,149,151,153,155,157,159,161,163,165,167,170,169,171,172,173,174,175,176,177,178,179,180,181,169,171,172,173,174,175,176,177,178,179,180,181,170,184,183,186,187,188,189,190,191,192,193,194,195,196,198,197,202,201,204,203,206,205,208,207,199,200,203,200,207,197,210,209,214,213,216,215,218,217,220,219,211,212,215,212,219,209,222,221,226,225,228,227,230,229,232,231,223,224,227,224,231,221,234,233,238,237,240,239,242,241,244,243,235,236,239,236,243,233,246,245,250,249,252,251,254,253,256,255,247,248,251,248,255,245,258,257,262,261,264,263,266,265,268,267,259,260,263,260,267,257;3,3,2,2,6,6,8,8,10,10,12,12,5,11,9,9,15,16,17,18,19,20,21,22,23,24,25,26,27,28,29,30,31,32,33,34,35,36,37,38,14,13,15,17,19,21,23,25,27,29,31,33,35,37,14,54,55,57,59,61,63,65,67,69,71,73,75,77,53,52,56,58,60,62,64,66,68,70,72,74,76,79,78,80,81,82,83,84,85,86,87,88,89,90,104,105,106,107,108,109,110,111,112,113,114,115,116,55,57,59,61,63,65,67,69,71,73,75,77,54,13,16,18,20,22,24,26,124,28,125,30,32,34,36,129,38,117,130,130,130,130,130,130,130,130,130,130,130,130,130,133,133,132,132,136,136,138,138,140,140,142,142,135,141,139,139,145,146,148,150,152,154,156,158,160,162,164,166,168,144,143,147,149,151,153,155,157,159,161,163,165,167,182,182,182,182,182,182,182,182,182,182,182,182,182,185,185,185,185,185,185,185,185,185,185,185,185,185,199,199,198,198,202,202,204,204,206,206,208,208,201,207,205,205,211,211,210,210,214,214,216,216,218,218,220,220,213,219,217,217,223,223,222,222,226,226,228,228,230,230,232,232,225,231,229,229,235,235,234,234,238,238,240,240,242,242,244,244,237,243,241,241,247,247,246,246,250,250,252,252,254,254,256,256,249,255,253,253,259,259,258,258,262,262,264,264,266,266,268,268,261,267,265,265;1,4,5,1,7,5,9,7,11,9,4,11,9,1,1,5,13,13,16,16,18,18,20,20,22,22,24,24,26,26,28,28,30,30,32,32,34,34,36,36,38,38,14,15,17,19,21,23,25,27,29,31,33,35,37,55,57,59,61,63,65,67,69,71,73,75,77,54,52,56,58,60,62,64,66,68,70,72,74,76,53,78,80,81,82,83,84,85,86,87,88,89,90,79,105,106,107,108,109,110,111,112,113,114,115,116,104,54,55,57,59,61,63,65,67,69,71,73,75,77,16,18,20,22,24,26,124,26,125,28,32,34,36,129,36,117,38,92,91,93,94,95,96,97,98,99,100,101,102,103,131,134,135,131,137,135,139,137,141,139,134,141,139,131,131,135,146,148,150,152,154,156,158,160,162,164,166,168,145,143,147,149,151,153,155,157,159,161,163,165,167,144,170,169,171,172,173,174,175,176,177,178,179,180,181,183,186,187,188,189,190,191,192,193,194,195,196,184,197,200,201,197,203,201,205,203,207,205,200,207,205,197,197,201,209,212,213,209,215,213,217,215,219,217,212,219,217,209,209,213,221,224,225,221,227,225,229,227,231,229,224,231,229,221,221,225,233,236,237,233,239,237,241,239,243,241,236,243,241,233,233,237,245,248,249,245,251,249,253,251,255,253,248,255,253,245,245,249,257,260,261,257,263,261,265,263,267,265,260,267,265,257,257,261];
